-------------------------------------------------------------
Po = 1.3652300134140969
p = 1.3652300134140969
Error_% = 0.0
Alfa = 0.0
TOL = 6.123233995736766e-17
No = 54
-------------------------------------------------------------
Po = 1.364878217193677
p = 1.365410061169957
Error_rel = 0.0003895122728362632
Alfa = 0.5119196199209406
TOL = 0.001
No = 11
